7630003498
8730006829
1180030462
1180031958
1181234296
1181991235
1230015572
1231038836
1231202106
1231301512
1250007831
1250888932
4960183272
5070051991
5130201544
5170200580
5170364962
5210522693
5210527408
5213388077
5213658648
5220051918
5221090441
5250008809
5251551964
5251569622
5252375707
5252537015
5252588484
5252588797
5260204110
5260213184
5260215088
5260251196
5262141069
5262445906
5262461791
5263105377
5270105272
5271037727
5271038081
5272233838
5272552532
5321651502
5321813347
5322038867
5340001751
5340004689
5342171411
5342532033
5361214682
5390005751
5410005175
5420104973
5420118840
5420201469
5421003004
5422423122
5422586976
5423239260
5470044693
5470089253
5471227639
5471609453
5472013159
5481010309
5482460664
5482517157
5482623362
5482661836
5482664639
5491980819
5511565941
5512360632
5512606375
5530007219
5540310422
5540468436
5540474508
5541000184
5541002852
5542929545
5561896083
5562739859
5571589655
5580001242
5581524574
5581651350
5581688910
5591978093
5632109679
5660001824
5661622959
5720004307
5730003999
5730004510
5730006897
5730038319
5730039164
5730101874
5730112576
5730223270
5730400192
5732197849
5732319755
5732415306
5732814733
5741445896
5741999376
5750008008
5751634877
5760001953
5761100545
5761450765
5770400732
5771927683
5830001675
5832080928
5832131531
5832467194
5860007895
5860104457
5861032949
5861044881
5891439727
5921981337
5930100081
5931807641
5992903037
6020092646
6050067937
6080027285
6110202860
6112139628
6141467507
6180042137
6191239889
6211527894
6220009495
6220106241
6221004353
6221032125
6252441600
6272247427
6272404358
6272504315
6282249853
6282267041
6282269229
6292176802
6292453940
6292466055
6292466552
6310100029
6310100868
6310101661
6310105914
6310214997
6311305992
6311982735
6340135475
6340197588
6341273825
6342226673
6342810231
6342817078
6372027412
6372071382
6390002581
6420003882
6421014787
6440024663
6440028313
6441019256
6443096232
6460009129
6460324084
6462746961
6462798998
6462930311
6480001303
6511406031
6511546269
6520004912
6560001446
6561864818
6570386838
6570386844
6571000568
6571026504
6591433520
6610200717
6621021668
6670003400
6721069321
6721102283
6750000266
6750001320
6750003023
6750003170
6751248873
6751304991
6760010214
6760108427
6761054136
6762065550
6770021811
6770046892
6772328146
6772350714
6772354296
6780031716
6782558511
6782856154
6790003845
6790062351
6790087871
6792049136
6792667118
6792693162
6792800072
6793082839
6810003938
6810006635
6811418357
6811671694
6811818163
6811864329
6821649242
6830012136
6831288900
6831347896
6840004084
6840009147
6840009302
6841004666
6841089266
6841728826
6842634518
6850000107
6861298814
6871052598
6871859711
6911389626
6912221455
6912497105
6920001774
6920201214
6922039539
6931009029
6931298878
6941203939
6960002662
6961877664
6972323188
7010401856
7120102310
7120102474
7120102764
7120150875
7122703031
7130005092
7150200767
7150402293
7160001822
7160002098
7160004482
7160010436
7160023456
7162819998
7170003142
7221574192
7230003129
7231543299
7240001623
7250012717
7251092948
7251927169
7260132765
7271016608
7271224726
7272784723
7280007721
7280251585
7281004162
7281209958
7282807561
7291084381
7292701982
7311007350
7320006315
7321984452
7340003171
7340013749
7340036242
7341000312
7341004994
7341012083
7341305566
7341846339
7342570230
7342675437
7342887530
7343513961
7351621524
7370000964
7371023602
7371023944
7381981049
7390206367
7393098955
7421033957
7441004261
7471223453
7491000124
7491945480
7491969061
7492029822
7521001371
7521443459
7530010984
7532181336
7560001151
7561802901
7561836165
7582351898
7591725832
7620000096
7620003048
7630004279
7651134550
7651180981
7721462125
7722261044
7730010492
7743136108
7752132328
7773015295
7773098909
7781426021
7790004555
7792299052
7811701289
7811703041
7821015012
7831488628
7872080580
7880001394
7881228705
7881895502
7881994842
7891451126
7891724280
7921002339
7950201248
7950202070
7951749988
7961020390
7971581032
7990001834
8110004457
8111002578
8121546400
8130137664
8130333974
8130336808
8131013036
8131174578
8132219573
8132841195
8133079513
8133218216
8133529726
8133718249
8141265578
8170003757
8170006678
8171002607
8171093113
8171104851
8171676926
8171817663
8171844335
8172065923
8172173937
8172175072
8181568316
8191584707
8211733666
8212044785
8221001019
8222343288
8261003119
8261004892
8262058890
8280001914
8290007350
8291252643
8320006209
8320012552
8321004046
8331000593
8371813807
8391066957
8392983897
8430000886
8441000602
8510003846
8511006700
8512727554
8513187611
8520602985
8520702362
8561849748
8652151568
8652214553
8652412595
8652537440
8661396306
8670010269
8671029503
8671849407
8671931161
8680000746
8680004678
8681003735
8681525882
8691130665
8691228921
8691287941
8691750132
8691956922
8711268698
8711278716
8711478510
8711483758
8711540203
8711541220
8711601927
8711716062
8720003568
8720005550
8720006667
8721305024
8721330536
8721333747
8722030888
8722155093
8722188997
8730000100
8730000264
8730003788
8730005557
8730005913
8730005965
8730006396
8730006545
8730006657
8730006752
8730007071
8730007183
8730007409
8730009495
8730009650
8730011807
8730015604
8730018459
8730019803
8730200744
8730202223
8730202565
8730208697
8730208875
8730221835
8730222987
8730224503
8730224609
8730225342
8730225661
8731000214
8731000579
8731006990
8731007788
8731008262
8731011086
8731013748
8731014707
8731015931
8731016540
8731025390
8731027874
8731034265
8731042425
8731047204
8731053305
8731053794
8731060239
8731071616
8731072490
8731076306
8731081017
8731090795
8731094675
8731103368
8731106711
8731111675
8731141185
8731153082
8731157772
8731159340
8731159618
8731159883
8731161839
8731161957
8731161992
8731162796
8731163034
8731164068
8731164298
8731164677
8731165441
8731169396
8731169829
8731170525
8731174227
8731178745
8731179673
8731200309
8731202521
8731205092
8731206619
8731210584
8731230581
8731234656
8731237672
8731238559
8731242064
8731242756
8731243922
8731244726
8731254305
8731258355
8731269643
8731272473
8731274414
8731307378
8731308596
8731309667
8731309762
8731309868
8731310127
8731311687
8731319482
8731326565
8731373688
8731394029
8731398530
8731460192
8731463115
8731466208
8731474314
8731480450
8731487558
8731509834
8731517822
8731518649
8731539120
8731542010
8731548337
8731552592
8731555998
8731567406
8731567487
8731567754
8731571218
8731571230
8731577988
8731578887
8731590411
8731590894
8731597815
8731621494
8731628852
8731629314
8731630576
8731630814
8731631096
8731631268
8731632799
8731633356
8731634189
8731634232
8731635183
8731635616
8731635740
8731635898
8731636047
8731636679
8731637288
8731639519
8731640155
8731640540
8731641309
8731641723
8731642912
8731643484
8731644503
8731644609
8731645796
8731646703
8731647594
8731648027
8731648814
8731649044
8731649328
8731649825
8731650685
8731650811
8731650863
8731651549
8731651615
8731652187
8731652856
8731653258
8731654298
8731654909
8731655211
8731655369
8731655429
8731655866
8731656021
8731656647
8731658706
8731659203
8731659568
8731661298
8731661358
8731662464
8731663096
8731663481
8731665132
8731665681
8731666261
8731666404
8731666485
8731667183
8731668030
8731668461
8731669259
8731669377
8731669791
8731669880
8731670280
8731671138
8731671339
8731672221
8731672592
8731672764
8731672770
8731672965
8731674438
8731674757
8731675053
8731675432
8731676414
8731677000
8731678301
8731679080
8731681131
8731681154
8731681705
8731683012
8731683489
8731683578
8731683638
8731684566
8731684661
8731685347
8731687990
8731688274
8731692643
8731725443
8731725590
8731727229
8731727330
8731735329
8731735890
8731737268
8731737914
8731739296
8731739356
8731740069
8731740537
8731743300
8731743694
8731744216
8731744570
8731744860
8731746126
8731747338
8731751297
8731758365
8731775300
8731778190
8731778936
8731789791
8731789816
8731797448
8731799192
8731809068
8731809192
8731811993
8731835255
8731850378
8731850409
8731850680
8731862571
8731866066
8731866623
8731867255
8731869231
8731893442
8731915221
8731916226
8731916321
8731916812
8731919578
8731923812
8731931378
8731980520
8731980827
8731982387
8731994350
8732005745
8732009269
8732026351
8732101006
8732101472
8732101638
8732101905
8732102419
8732102460
8732102520
8732103092
8732103100
8732104654
8732106854
8732110488
8732111134
8732111878
8732112323
8732112955
8732113009
8732113104
8732113446
8732113676
8732114256
8732114523
8732114948
8732155410
8732164828
8732164946
8732165124
8732166661
8732167005
8732167235
8732167749
8732167867
8732168097
8732168200
8732168275
8732168306
8732168973
8732169027
8732169056
8732169091
8732169228
8732169501
8732169518
8732170898
8732170935
8732171432
8732171917
8732178807
8732178954
8732179793
8732211404
8732211462
8732214354
8732214420
8732214489
8732214526
8732215566
8732215939
8732216330
8732226759
8732226860
8732226877
8732227316
8732228089
8732228385
8732228445
8732228770
8732229048
8732229108
8732229172
8732229396
8732229829
8732229999
8732230063
8732230212
8732230287
8732230459
8732230488
8732232599
8732233222
8732233305
8732244421
8732277099
8732342477
8732435902
8732437290
8732437315
8732438846
8732439656
8732439780
8732439975
8732440079
8732440139
8732440493
8732440719
8732440777
8732440926
8732441334
8732441386
8732441400
8732443675
8732449637
8732457967
8732507984
8732508127
8732509061
8732509090
8732509836
8732511833
8732515311
8732537873
8732538140
8732538275
8732539665
8732595586
8732629322
8732655609
8732657778
8732667699
8732693840
8732746950
8732760393
8732760542
8732765427
8732825879
8732845451
8732987955
8732996351
8733018023
8733037405
8733158764
8733249662
8733254315
8751002162
8780001337
8781000386
8790166896
8790252503
8791001878
8791989074
8821723560
8822119518
8831423316
8840007758
8840020664
8841014789
8841814484
8842303314
8851447610
8862507770
8862729743
8870000287
8880004938
8881632097
8942393653
8943069280
8951126354
8951687880
8951802708
8951813652
8960000055
8960003378
8961391891
8971705664
8981030340
8982033205
9110007746
9111717415
9111917930
9120000467
9120003939
9121011444
9121067775
9130002456
9131208674
9150000199
9151654313
9181742602
9181886258
9191175085
9210001223
9220011329
9221251805
9222908420
9230022234
9230025563
9241135485
9271914834
9290093893
9371439870
9371821150
9372179431
9372354348
9372493357
9441251003
9451386733
9451451784
9451611785
9452044704
9462343265
9462413824
9462654781
9471408030
9471410044
9482579031
9491827801
9491944412
9492039425
9492180626
9520006232
9521680120
9542311706
9542381960
9542735808
9551918939
9552107640
9552272267
9562168519
9590122245
9591761088
9661978084
9662053046
9670049208
9680893101
9691215310
9691353897
9691581569
9710403634
9910357985
9910370336
9930029190
9930039975
9930040406
9930066854
9930075741
9930075818
9930077875
9930080920
9930080966
9930082391
9930085679
9930089163
9930091869
9930092797
9930096039
9930096476
9930114211
9930120826
9930131250
9930131600
9930134277
9930140102
9930167673
9930177482
9930186819
9930203630
9930206278
9930211463
9930219536
9930219559
9930242825
9930245278
9930245315
9930245373
9930246361
9930256885
9930261254
9930270738
9930270810
9930278763
9930281972
9930285119
9930287590
9930293610
9930299564
9930332959
9930355937
9930363948
9930373183
9930401063
9930420557
9930421568
9930432342
9930474085
9930490084
9930498016
9930509903
9930558095
9930572066
9930587004
9930604091
9930604576
9930604843
9930605386
9930605392
9930631277
9930636470
9930654580
9930656366
9930656395
9930659577
9930661060
9970107364
1040001621
1070000023
1130026518
1130049123
1130091237
1181538323
1181915731
1230003511
1230026972
1251076610
1990044579
2090003321
2220074473
2220736738
4990349671
5130126340
5170033260
5170140547
5170323791
5170339237
5170383818
5210082662
5210090727
5213508624
5213689844
5213743561
5220004617
5220022265
5222067421
5222560222
5240104641
5240303493
5241027606
5250007313
5251562442
5251929351
5252252755
5252368943
5252420862
5252496411
5252624211
5252708327
5260250475
5260250995
5260304484
5261003187
5261040320
5261040567
5261696374
5262548753
5262753803
5270008244
5270011039
5270252091
5272432041
5272685925
5290000205
5291803171
5311689992
5320005740
5320014905
5321301699
5321908154
5340020607
5341415644
5342228714
5380002751
5420201541
5420208052
5421349406
5421920580
5422865009
5430001140
5470205601
5470245204
5471010495
5471019510
5471021381
5471972544
5480003922
5480011672
5480057728
5481140822
5482614481
5482669105
5490000397
5512276009
5512384957
5531544764
5540156317
5540239954
5540309198
5540309755
5540394086
5541000095
5542587062
5542919854
5542925151
5542926937
5562753552
5571580536
5611437378
5630001110
5641569386
5641722528
5681003716
5691029261
5730005320
5730008531
5730010284
5730109918
5730205266
5731005960
5732187532
5732408654
5740001559
5740008107
5741002058
5741788403
5751635782
5771002258
5791104424
5810004676
5810004883
5830210806
5850005736
5861014302
5861110520
5861998965
5862302753
5882298569
5931001820
5941604135
5990004487
5990108382
5992344477
5992816924
5992962347
6020131441
6112112204
6171309233
6180009246
6180018618
6180041540
6181005500
6181907473
6210037751
6221004347
6222756138
6251004375
6252432759
6270011643
6272747331
6280001468
6291824357
6311674749
6340004017
6340126849
6340196809
6342565553
6351001867
6351125351
6371858849
6380000669
6391773783
6391873987
6410005856
6423012597
6440515183
6443003325
6443515686
6451990574
6452153426
6452244873
6461111930
6461827491
6462829150
6472540770
6481013395
6490010864
6521283587
6521413311
6521722816
6551095815
6561494014
6571016687
6572911869
6580004896
6581021856
6591447982
6630002096
6631135907
6631529279
6641071729
6641814082
6641967986
6650000261
6681962966
6692363287
6731900052
6750001923
6750004933
6750005594
6750006257
6751223181
6760016547
6760019770
6761604401
6762449078
6770001777
6770066469
6771020564
6772369613
6772371946
6772413544
6780034235
6781022004
6790009109
6790084223
6792587750
6792658591
6810002011
6810003884
6811796355
6811827742
6811828807
6812045473
6812054822
6821080693
6830003798
6831085255
6831194381
6831836342
6841471184
6841547131
6841870843
6842190470
6842222371
6842262465
6842265541
6852010268
6852023791
6852098719
6911651952
6912146050
6912182637
6912475285
6920001194
6920209256
6921165638
6961413485
7120152851
7123005174
7123144898
7130004230
7131680424
7150200738
7160001762
7160010034
7161096718
7162573965
7162813547
7190002080
7210000949
7221001013
7240001089
7250032275
7260129071
7271019908
7272364323
7272803946
7282556917
7290006048
7310005627
7310009631
7310009832
7321990033
7340005980
7341012350
7343052299
7343487962
7361046234
7371957747
7380011544
7391048031
7392305949
7393025028
7471382619
7471801571
7480000770
7480004561
7481448366
7481454415
7490005094
7491515495
7491723236
7531886187
7540134699
7611456543
7621011908
7621938686
7621996519
7631030729
7641009978
7641558099
7642634997
7642665182
7670000075
7691000270
7711008896
7711143393
7712792981
7720007152
7730002943
7730008816
7730009224
7730009307
7740001454
7740004990
7740014095
7743210804
7750000870
7751003267
7771015836
7772468563
7772676706
7772950900
7780001070
7780040911
7780045185
7780152395
7780160093
7781016895
7790037336
7792419355
7810020794
7811731385
7811751092
7811899564
7820004851
7822258550
7822350221
7831643626
7861591503
7870004184
7880007273
7881993819
7891750828
7931626923
7962762018
7981341795
8110000583
8120000337
8130267639
8130337015
8133142826
8133170567
8133193769
8133385859
8133485414
8133606088
8140002977
8161164975
8161528555
8170008737
8171000962
8171001588
8171001789
8171094472
8171325090
8171713225
8171759888
8171812364
8171855422
8171945734
8172041147
8172173009
8181515225
8191417599
8211006995
8222053969
8230001444
8261003183
8270002148
8290007491
8291616329
8361777984
8370000634
8371605871
8390006858
8390400555
8391775725
8411646771
8421770946
8430000202
8430003689
8440006442
8441806179
8451715188
8510007169
8510205573
8512127268
8512749053
8512762680
8513204574
8641767544
8651005178
8652389620
8660001369
8660001754
8661209149
8661601462
8671910271
8671948138
8680000775
8681600307
8681966899
8690002161
8691139502
8691207209
8691296118
8691309298
8691663456
8691845068
8710005979
8711010764
8711027730
8711293710
8711391588
8711559579
8711574952
8711578424
8711669598
8711683291
8720000021
8721113342
8721314721
8721916259
8721945367
8722123816
8722220488
8730001128
8730004859
8730004919
8730005184
8730005190
8730005267
8730005994
8730006433
8730006829
8730007266
8730007556
8730008389
8730009242
8730012540
8730013373
8730013812
8730018991
8730202795
8730204133
8730204268
8730204334
8730205523
8730206586
8730206847
8730207717
8730208473
8730208668
8730208757
8730220161
8730224526
8731001679
8731002377
8731002561
8731004057
8731005884
8731007340
8731007647
8731009008
8731010282
8731016416
8731018355
8731020033
8731021127
8731024522
8731041383
8731047546
8731047799
8731054061
8731056781
8731059236
8731087942
8731090890
8731131637
8731156436
8731156525
8731156560
8731156608
8731157275
8731157625
8731158139
8731158636
8731159943
8731160314
8731161526
8731161762
8731161874
8731162537
8731163703
8731163873
8731164039
8731164105
8731164341
8731165576
8731167629
8731168770
8731168965
8731171269
8731173400
8731178194
8731180771
8731191680
8731193928
8731201898
8731210785
8731210940
8731212028
8731214547
8731214777
8731238186
8731243052
8731254297
8731306918
8731309934
8731310765
8731311138
8731331715
8731341168
8731345812
8731374216
8731384870
8731441444
8731445270
8731451810
8731464557
8731471043
8731506184
8731510346
8731518419
8731518715
8731519293
8731519695
8731543328
8731552037
8731554496
8731568156
8731572040
8731572784
8731575713
8731581961
8731594550
8731618517
8731619451
8731619936
8731628987
8731630599
8731631469
8731631713
8731633209
8731633818
8731634077
8731635651
8731635763
8731636024
8731637265
8731637621
8731637874
8731638566
8731638661
8731638709
8731638945
8731639092
8731640178
8731640250
8731640416
8731640474
8731641261
8731641806
8731643320
8731643691
8731643975
8731644130
8731644940
8731646695
8731647513
8731647884
8731647973
8731648211
8731648458
8731648524
8731649423
8731649564
8731650136
8731651070
8731651472
8731651696
8731651845
8731651874
8731652313
8731653057
8731653146
8731653324
8731653821
8731653962
8731654571
8731655323
8731656340
8731657687
8731658853
8731659829
8731660471
8731660494
8731661542
8731661720
8731661944
8731664109
8731664345
8731665824
8731666350
8731666605
8731666924
8731667088
8731667504
8731668567
8731668656
8731669615
8731670788
8731670848
8731671405
8731671776
8731672184
8731672534
8731672758
8731673019
8731673114
8731674674
8731675685
8731676093
8731676696
8731678643
8731678844
8731679022
8731679973
8731680781
8731680893
8731681668
8731683526
8731683940
8731687079
8731688245
8731693921
8731726448
8731727264
8731736731
8731736889
8731737311
8731738150
8731739652
8731739758
8731740804
8731742105
8731744334
8731745256
8731746698
8731746741
8731758885
8731768292
8731776624
8731777635
8731778095
8731778534
8731778988
8731779290
8731780057
8731785126
8731786309
8731792698
8731796360
8731796503
8731811786
8731815927
8731824458
8731848312
8731849725
8731861608
8731866497
8731869343
8731874835
8731876892
8731879867
8731885388
8731893755
8731916019
8731916143
8731916580
8731917585
8731918142
8731918194
8731919070
8731924591
8731949533
8732074663
8732096529
8732097747
8732101377
8732102135
8732102566
8732102833
8732102862
8732102939
8732105843
8732106469
8732108936
8732109657
8732110146
8732110726
8732110732
8732111022
8732111045
8732111080
8732112381
8732113334
8732113357
8732113541
8732113914
8732114196
8732114351
8732114457
8732114569
8732114635
8732114664
8732165041
8732165851
8732165874
8732165957
8732166000
8732166135
8732166342
8732166891
8732166974
8732167028
8732167146
8732167726
8732168401
8732168849
8732170071
8732170243
8732170355
8732170792
8732171521
8732171685
8732178782
8732178931
8732179008
8732179089
8732179103
8732179209
8732179273
8732179391
8732180023
8732207271
8732208017
8732209028
8732211522
8732211605
8732214472
8732214609
8732222253
8732223034
8732223229
8732224430
8732224453
8732226682
8732226736
8732227285
8732227411
8732227813
8732228020
8732228209
8732228215
8732228221
8732228942
8732230034
8732230301
8732230666
8732230867
8732231022
8732231080
8732233185
8732233251
8732233475
8732233506
8732233564
8732243870
8732244059
8732244154
8732244177
8732248086
8732251639
8732285733
8732328342
8732338435
8732357088
8732399046
8732400157
8732421722
8732427618
8732436014
8732436505
8732436729
8732437114
8732437410
8732438303
8732438473
8732438734
8732439171
8732439219
8732439403
8732439449
8732439828
8732440033
8732440731
8732440895
8732441067
8732441274
8732441305
8732504974
8732508133
8732509374
8732509664
8732509724
8732509730
8732509753
8732510012
8732510035
8732531988
8732537732
8732550247
8732552909
8732594411
8732594457
8732596404
8732596611
8732601826
8732613203
8732614007
8732626594
8732695833
8732735024
8732784181
8732785648
8732829771
8732831259
8732884899
8732917771
8732933534
8732976621
8732987777
8733006037
8733011587
8733037256
8733039284
8733054881
8733087805
8733098594
8733113968
8733211872
8733255148
8733261769
8751391040
8760202392
8770002447
8781697424
8781798616
8790166844
8790169966
8790170691
8790172862
8791050026
8792136592
8792544279
8820003415
8821253255
8840021600
8841026172
8871650604
8882401891
8882596943
8890001574
8940006103
8942389605
8951812517
8960002551
8971101771
8971543718
8981002289
8981981503
8982057648
8991001794
8992479405
8992786372
9111898977
9120004028
9131603991
9170003568
9231713839
9240004947
9280003339
9280007076
9281414292
9281788242
9290017395
9290100162
9291010952
9372332157
9442252826
9452048731
9461956540
9462281481
9462354607
9471802904
9471907767
9482387277
9490037830
9490083066
9492195941
9512382305
9521002839
9522133851
9531056469
9531238897
9531536755
9532474855
9541366579
9542546823
9552068236
9562260142
9580546363
9590030224
9660515554
9661319418
9662050757
9662090952
9662099060
9671146505
9671176274
9691406300
9691619639
9730620837
9930000157
9930032105
9930035581
9930036215
9930038622
9930047911
9930056608
9930056761
9930057453
9930064329
9930065211
9930066920
9930067865
9930072777
9930082066
9930085544
9930092188
9930120536
9930120648
9930129804
9930136968
9930140527
9930145393
9930171166
9930173857
9930174526
9930191051
9930191068
9930199615
9930206657
9930210653
9930218258
9930234027
9930263632
9930273412
9930282842
9930289471
9930409998
9930414686
9930420209
9930445333
9930458198
9930459878
9930466648
9930466950
9930565994
9930580261
9930585637
9930604429
9930605400
9930609734
9930649981
9930650079
9930650234
9930650398
9930651222
9930651914
9930651966
9930652836
9930653020
9930654806
9930655289